37.0000,35.3213,1,25  6,31 33 38 46 51 80
37.7648,38.2786,2,701  5,21 27 44 46 63
38.7507,30.5567,3,1012  7,15 20 26 32 42 43 64
39.7194,43.0513,4,1630  6,13 25 36 49 65 76
40.6499,35.8353,5,400  4,19 55 60 66 
39.9208,32.8541,6,905  7,14 18 26 40 42 68 71  
36.8841,30.7056,7,62  6,15 32 33 42 48 70  
41.1828,41.8183,8,530  3,25 53 75
37.8560,27.8416,9,92  4,20 35 45 48
39.6484,27.8826,10,145  5,16 17 35 43 45
40.0567,30.0665,11,513  5,14 16 26 43 54
39.0626,40.7696,12,1159  6,21 23 24 25 49 62
38.3938,42.1232,13,1637  5,4 49 56 65 72
40.5760,31.5788,14,741  8,6 11 18 26 54 67 78 81
37.4613,30.0665,15,963  5,3 7 20 32 48
40.2669,29.0634,16,238  6,10 11 41 43 54 77
40.1553,26.4142,17,11  3,10 22 59
40.6013,33.6134,18,730  6,6 14 19 37 71 78
40.5506,34.9556,19,822  7,5 18 37 55 57 66 71
37.7765,29.0864,20,392  6,3 9 15 45 48 64
37.9144,40.2306,21,674  7,2 12 23 47 49 63 72
41.6818,26.5623,22,50  3,17 39 59
38.6810,39.2264,23,1041  4,12 21 44 62
39.7500,39.5000,24,1216  8,12 25 28 29 44 58 62 69
39.9000,41.2700,25,1923  9,4 8 12 24 36 49 53 69 75
39.7767,30.5206,26,796  6,3 6 11 14 42 43
37.0662,37.3833,27,838  6,2 31 46 63 79 80
40.9128,38.3895,28,14  5,24 29 52 58 61
40.4386,39.5086,29,1174  4,24 28 61 69
37.5833,43.7333,30,1756  2,65 73
36.4018,36.3498,31,89  3,1 27 80
37.7648,30.5566,32,1058  4,3 7 15 42
36.8000,34.6333,33,18  5,1 7 42 51 70
41.0053,28.9770,34,25  3,39 41 59
38.4189,27.1287,35,9  3,9 10 45
40.6167,43.1000,36,1756  4,4 25 75 76
41.3887,33.7827,37,814  5,18 19 57 74 78
38.7312,35.4787,38,1060  6,1 46 50 51 58 66
41.7333,27.2167,39,231  3,22 34 59
39.1425,34.1709,40,991  5,6 50 66 68 71
40.8533,29.8815,41,4  4,16 34 54 77 
37.8667,32.4833,42,1023  9,3 6 7 26 32 33 51 68 70
39.4167,29.9833,43,958  7,3 10 11 16 26 45 64
38.3552,38.3095,44,970  6,2 21 23 24 46 58
38.6191,27.4289,45,79  6,9 10 20 35 43 64 
37.5858,36.9371,46,562  7,1 2 27 38 44 58 80
37.3212,40.7245,47,938  5,21 56 63 72 73
37.2153,28.3636,48,659  4,7 9 15 20  
38.9462,41.7539,49,1334  6,4 12 13 21 25 72
38.6939,34.6857,50,1197  5,38 40 51 66 68 
37.9667,34.6833,51,1239  6,1 33 38 42 50 68
40.9839,37.8764,52,25  4,28 55 58 60
41.0201,40.5234,53,11  4,8 25 61 69
40.6940,30.4358,54,41  4,11 14 41 81
41.2928,36.3313,55,10  5,5 19 52 57 60
37.9333,41.9500,56,887  5,13 47 65 72 73
42.0231,35.1531,57,27  3,19 37 55
39.7477,37.0179,58,1313  8,24 28 38 44 46 52 60 66
40.9833,27.5167,59,28  4,17 22 34 39
40.3167,36.5500,60,630  5,5 52 55 58 66
41.0015,39.7178,61,36  4,28 29 53 69
39.3074,39.4388,62,922  3,12 23 24
37.1591,38.7969,63,527  4,2 21 27 47
38.6823,29.4082,64,915  4,3 20 43 45  
38.4891,43.4089,65,1728  4 13 30 56 73
39.8181,34.8147,66,1317  8,5 19 38 40 50 58 60 71
41.4564,31.7987,67,10  4,14 74 78 81  
38.3687,34.0370,68,1228  5,6 40 42 50 51
40.2552,40.2249,69,1555  5,24 25 29 53 61
37.1759,33.2287,70,1063  3,7 33 42
39.8468,33.5153,71,746  5,6 18 19 40 66
37.8812,41.1351,72,570  5,13 21 47 49 56
37.4187,42.4918,73,1343  4,30 47 56 65
41.5811,32.4610,74,12  3,37 67 78   
41.1105,42.7022,75,1799  3,8 25 36
39.8880,44.0048,76,860  2,4 36
40.6500,29.2667,77,8  2,16 41
41.2061,32.6204,78,264  5,14 18 37 67 74
36.7184,37.1212,79,660  2,27 31
37.2130,36.1763,80,121  4,1 27 31 46
40.8438,31.1565,81,149  3,14 54 67